Original

AVG


val(:,:,1) =

   16.4599   15.1670   11.0409   15.9478   12.6120    9.0750
   26.2191   21.7679   21.9644   24.5530   24.8313   20.5538
   34.7583   34.9579   37.4466   35.3291   34.7378   27.0718
   40.0674   39.8375   43.9213   45.9306   35.2380   21.1077


val(:,:,2) =

   17.6866   13.3832   12.8591   16.6478   13.3199    9.3507
   27.6339   21.3583   23.9985   24.3884   24.7949   17.6866
   34.7779   34.7278   37.4929   34.8279   35.0854   25.6362
   40.1138   41.2111   45.1056   45.9217    8.7405   18.9414


val(:,:,3) =

   17.6866   13.3832   12.8591   16.6478   13.3199    9.3507
   27.6339   21.3583   23.9985   24.3884   24.7949   17.6866
   34.7779   34.7278   37.4929   34.8279   35.0854   25.6362
   40.1138   41.2111   45.1056   45.9217    8.7405   18.9414


PER


val(:,:,1) =

    0.0145    0.0775    0.2125    0.0305    0.0930    0.3565
    0.0380    0.0615    0.0485    0.0350    0.0215    0.2040
    0.0840    0.0205    0.0050    0.0110    0.0255    0.3110
    0.1160    0.1110    0.0570    0.0100    0.1995    0.5315


val(:,:,2) =

         0    0.0925    0.0480    0.0235    0.1380    0.4075
    0.0045    0.1070    0.0185    0.0415    0.0260    0.3175
    0.0555    0.0145    0.0060    0.0425    0.0265    0.3550
    0.1055    0.0990    0.0385    0.0105    0.7415    0.5795


val(:,:,3) =

         0    0.0925    0.0480    0.0235    0.1380    0.4075
    0.0045    0.1070    0.0185    0.0415    0.0260    0.3175
    0.0555    0.0145    0.0060    0.0425    0.0265    0.3550
    0.1055    0.0990    0.0385    0.0105    0.7415    0.5795


