Weighted

AVG


val(:,:,1) =

   16.6218   15.0965   11.2599   16.2942   12.6676    8.9411
   26.4230   22.7572   22.4684   23.9641   25.1739   20.5452
   34.5343   34.8655   37.3251   35.6262   34.7891   26.5606
   40.2443   40.1531   44.7385   46.0533   35.5495   20.3183


val(:,:,2) =

   17.7481   13.3246   12.9744   16.5650   13.1255    8.6497
   27.5261   21.1115   23.5951   23.7831   24.6739   16.9358
   34.8983   34.3267   37.7420   34.6028   34.4354   24.4122
   40.4338   40.4359   44.8576   46.1980    9.3622   19.5399


val(:,:,3) =

   17.7481   13.3246   12.9744   16.5650   13.1255    8.6497
   27.5261   21.1115   23.5951   23.7831   24.6739   16.9358
   34.8983   34.3267   37.7420   34.6028   34.4354   24.4122
   40.4338   40.4359   44.8576   46.1980    9.3622   19.5399


PER


val(:,:,1) =

    0.0155    0.0710    0.2165    0.0310    0.0765    0.3970
    0.0390    0.0295    0.0510    0.0580    0.0195    0.1990
    0.0850    0.0200    0.0040    0.0125    0.0280    0.3340
    0.1090    0.1045    0.0500    0.0070    0.1885    0.5520


val(:,:,2) =

    0.0005    0.0885    0.0545    0.0300    0.1460    0.4245
    0.0085    0.1080    0.0195    0.0670    0.0305    0.3550
    0.0425    0.0145    0.0095    0.0350    0.0390    0.3805
    0.0975    0.1125    0.0445    0.0100    0.7700    0.5665


val(:,:,3) =

    0.0005    0.0885    0.0545    0.0300    0.1460    0.4245
    0.0085    0.1080    0.0195    0.0670    0.0305    0.3550
    0.0425    0.0145    0.0095    0.0350    0.0390    0.3805
    0.0975    0.1125    0.0445    0.0100    0.7700    0.5665


