Average

AVG


val(:,:,1) =

   16.3364   15.2149   11.4322   16.3356   12.4729    8.9456
   26.0778   22.8686   22.1750   23.6844   25.0582   20.6689
   34.4821   34.9766   37.5016   35.5029   35.1247   25.7472
   39.8485   38.7648   44.1877   45.8125   35.1489   20.1395


val(:,:,2) =

   17.5534   13.1051   12.8404   16.8980   13.6360    9.0688
   27.5758   21.3191   23.4147   23.6974   24.5528   17.4906
   35.2228   34.6351   37.3981   35.3201   34.8203   24.6806
   40.5942   40.6775   44.1542   45.9180   10.1359   18.6338


val(:,:,3) =

   17.5534   13.1051   12.8404   16.8980   13.6360    9.0688
   27.5758   21.3191   23.4147   23.6974   24.5528   17.4906
   35.2228   34.6351   37.3981   35.3201   34.8203   24.6806
   40.5942   40.6775   44.1542   45.9180   10.1359   18.6338


PER


val(:,:,1) =

    0.0145    0.0745    0.2030    0.0325    0.0965    0.3880
    0.0445    0.0260    0.0540    0.0660    0.0210    0.2060
    0.0850    0.0230    0.0045    0.0100    0.0180    0.3595
    0.1170    0.1460    0.0565    0.0120    0.2005    0.5535


val(:,:,2) =

         0    0.0945    0.0690    0.0245    0.1245    0.4250
    0.0085    0.1055    0.0285    0.0670    0.0265    0.3415
    0.0485    0.0190    0.0060    0.0315    0.0315    0.3855
    0.0975    0.1160    0.0565    0.0100    0.7715    0.5860


val(:,:,3) =

         0    0.0945    0.0690    0.0245    0.1245    0.4250
    0.0085    0.1055    0.0285    0.0670    0.0265    0.3415
    0.0485    0.0190    0.0060    0.0315    0.0315    0.3855
    0.0975    0.1160    0.0565    0.0100    0.7715    0.5860

