
Bandit

Throughput

val(:,:,1) =

   15.2145   10.7631   11.7516   15.4514   15.0141   10.4182
   20.6796   18.5328   21.7355   20.5338   17.1230   20.2271
   30.6045   25.8067   25.0190   23.5231   25.8833   17.2381
   23.5010   27.0083   36.0375   39.1147         0         0


val(:,:,2) =

   16.1949   13.2447   13.3161   11.3288   14.9030    8.0574
   23.9427   19.2088   22.4338   21.7506   19.9693   21.8337
   29.4423   27.7169   30.2850   29.7520   28.2499   18.8141
   34.5440   35.1777   35.5478   37.7878         0         0


val(:,:,3) =

   16.1949   13.2447   13.3161   11.3288   14.9030    8.0574
   23.9427   19.2088   22.4338   21.7506   19.9693   21.8337
   29.4423   27.7169   30.2850   29.7520   28.2499   18.8141
   34.5440   35.1777   35.5478   37.7878         0         0


PER


val(:,:,1) =

    0.4900    0.2070    0.3940    0.4765    0.2140    0.4510
    0.5355    0.5075    0.2840    0.4735    0.5520    0.4490
    0.1955    0.4795    0.4965    0.5045    0.2560    0.6615
    0.5700    0.4995    0.2465    0.1795         0         0


val(:,:,2) =

    0.1115    0.5540    0.3635    0.4405    0.3645    0.0595
    0.2700    0.4940    0.2480    0.4355    0.5135    0.3810
    0.2040    0.2165    0.1795    0.2285    0.2300    0.6300
    0.2905    0.2530    0.2240    0.1750         0         0


val(:,:,3) =

    0.1115    0.5540    0.3635    0.4405    0.3645    0.0595
    0.2700    0.4940    0.2480    0.4355    0.5135    0.3810
    0.2040    0.2165    0.1795    0.2285    0.2300    0.6300
    0.2905    0.2530    0.2240    0.1750         0         0
